q	E	mux	muy	muz
-0.45	140641.9793226719	-0.8601058374664315	-0.3105748880427095	0.37489991532944084
-0.425	114702.45192834735	-0.8201782844132107	-0.3058889218705299	0.35743582063838597
-0.4	93144.51544842124	-0.7795649678140723	-0.2998583711327813	0.33973610592988635
-0.375	75232.86413052678	-0.738977577042096	-0.2929519341165921	0.32202597005556666
-0.35	60364.82072305679	-0.6977328902991251	-0.284724042439459	0.3039978615363459
-0.325	48044.438472390175	-0.6561280378984204	-0.2754011658268871	0.28579005145042236
-0.3	37862.594776660204	-0.6135583380476403	-0.2646538937690508	0.2672391054167639
-0.275	29480.00385171175	-0.5701628243493112	-0.25249951015072486	0.2482583498367203
-0.25	22613.87267547846	-0.5259158251510471	-0.238863287587736	0.2288022874253697
-0.225	17028.331895291805	-0.48055249033615177	-0.22355688257099401	0.2088315210924166
-0.2	12525.74463391304	-0.4340850202938781	-0.2066875568560131	0.1884749174493437
-0.175	8940.40756830573	-0.3864127618128904	-0.18824743102473418	0.167656224063321
-0.15	6131.505795121193	-0.33704795349785277	-0.1678160999974879	0.1461487170340673
-0.125	3979.689026892185	-0.2860671019563714	-0.1454698162071042	0.1239501087885977
-0.1	2383.2966288924217	-0.2332310287241361	-0.121020236144493	0.1009002692179692
-0.075	1255.723923921585	-0.1785943813780084	-0.0944762559268178	0.0770617253171024
-0.05	523.2932887971401	-0.1216566897838474	-0.06558319242842639	0.052409567957939496
-0.025	122.75214380025864	-0.0621681001367468	-0.0341061881562024	0.0267490992619879
0.0	0.0	5.083495522e-07	-8.3877676113e-06	-2.0842331640199997e-05
0.025	108.35461002588272	0.0650362083102592	0.0369005856446458	-0.0280148896469659
0.05	407.91549158096313	0.1330549034432758	0.0767356190793661	-0.057272693949060795
0.075	864.4885019361973	0.20418673123396516	0.11952645098535329	-0.0877718878576281
0.1	1449.3005211055279	0.2788142247203579	0.1654482077833403	-0.11963600031385241
0.125	2136.7827581465244	0.3571859668334797	0.2147957322136031	-0.1531669909517405
0.15	2904.4829615056515	0.43941811544600823	0.2676119798133026	-0.1883213958845793
0.175	3733.8994223475456	0.5252328575276664	0.32367022668215756	-0.22491214247715918
0.2	4609.229969531298	0.6150879618502101	0.38325641944328054	-0.2632045891957286
0.225	5515.791752308607	0.7094007833959955	0.44663972918456146	-0.30346917800205786
0.25	6441.228350639343	0.8077323623266982	0.5134831201528917	-0.3454883352878055
0.275	7375.619512706995	0.909983570479639	0.5837593956472285	-0.3892587567808821
0.3	8310.186254411936	1.0166259020644832	0.6576957879174054	-0.4349980160896293
0.325	9236.939700394869	1.1275942883385495	0.7351809684114903	-0.48266849534718426
0.35	10149.51508718729	1.242579906948876	0.8159658458489055	-0.5321362444465424
0.375	11042.710866808891	1.3615880955657618	0.9000097522654749	-0.5834902245593386
0.4	11911.76444041729	1.484497866995782	0.9871858544479245	-0.6367629700569137
0.425	12752.85695001483	1.6110484379186587	1.0772483653877658	-0.6918139222880844
0.45	13563.201068103313	1.7410202013278417	1.1699601400188975	-0.7485678455191251
0.475	14340.448416560888	1.8742095632276743	1.2651613024071524	-0.8070196562545138
0.5	15082.68956631422	2.0104477515668266	1.3626785053552306	-0.8670745473027652
0.525	15788.673512101173	2.1492912313610035	1.4621348076701757	-0.9286094980722469
0.55	16457.763777673244	2.29030765131606	1.5632071532115646	-0.9915444435084874
0.575	17089.543361246586	2.433376024238571	1.665758033425527	-1.0558323612779081
0.6	17683.968367874622	2.577970462516787	1.7693782269225427	-1.1212282268963487
0.625	18241.697221398354	2.7238123905961014	1.8738656647556111	-1.1876669716211279
0.65	18763.520030379295	2.870331440278947	1.9787750327170055	-1.2549386470871866
0.675	19250.775589823723	3.0172818245568336	2.0839075661318156	-1.3229021862937895
0.7	19705.000221967697	3.16415722727577	2.1888987783711147	-1.3914216057357232
0.725	20128.278935551643	3.310377367421922	2.293337922996724	-1.46028492364972
0.75	20523.113740950823	3.4555104020506935	2.396926344646727	-1.5293098967213163
0.775	20892.116385936737	3.5991890486106213	2.499455874179497	-1.5983546954254486
0.8	21238.535094559193	3.740831246864435	2.600415111945521	-1.6671013471172158
0.825	21565.903407931328	3.8799693152241126	2.6995885177346675	-1.7354293729527461
0.85	21878.41329085827	4.015740076150017	2.7964835008308526	-1.8030749395144476
0.875	22180.585920125246	4.148265025185124	2.8911026029818383	-1.8699170596088976
0.9	22477.118052214384	4.277282362310051	2.98325519310555	-1.9357218924420831
0.925	22773.035655379295	4.4020514222272435	3.072578817971269	-2.0002756770273047
0.95	23073.51833024621	4.522179250732849	3.158908263974529	-2.063480301900987
0.975	23384.096836686134	4.637669152098958	3.2422178594629463	-2.1252923031764177
1.0	23710.82867372036	4.748371925732	3.3224066970504067	-2.185570613852861
1.025	24059.420180886984	4.854230636482128	3.3995090903316854	-2.244192975863013
1.05	24435.094853699207	4.954914348790861	3.4734190484251473	-2.301049839878374
1.075	24842.74697574973	5.050808391618764	3.544372191348238	-2.3563010818331116
1.1	25288.038991719484	5.141636731158994	3.6121524705412735	-2.4097992803570873
1.125	25775.909080058336	5.227691160054514	3.6770842130185555	-2.461686010800589
1.15	26309.78104454279	5.309108170160091	3.739300352187985	-2.511986436466451
1.175	26892.705582141876	5.38589767429199	3.7987866542621007	-2.5606606519148247
1.2	27527.64559993148	5.458167188380503	3.8556267427422393	-2.6076928983095926
1.225	28216.334947288036	5.526400152849772	3.9101363027003173	-2.6533439589710333
1.25	28958.663886874914	5.590924707335741	3.9624716516236353	-2.697821240516444
1.275	29753.88620504737	5.651610460178274	4.012532390475634	-2.740988505265835
1.3	30600.641159296036	5.708610424592578	4.060410530525264	-2.7828175398190598
1.325	31495.28547129035	5.762592317715473	4.1065307978233845	-2.823685031194299
1.35	32432.46396073699	5.813576981878596	4.150732808086278	-2.863653252211695
1.375	33406.733657598495	5.861543320575532	4.193025203256334	-2.902510221107983
1.4	34411.13721701503	5.906978841026839	4.233527445478317	-2.9404867285798595
1.425	35436.21528381109	5.9505751527982875	4.272622321965033	-2.977994537764608
1.45	36472.35487040877	5.991526013500086	4.309641861404895	-3.0144709057079435
1.475	37509.65767237544	6.03064452824098	4.345080687912189	-3.050178903303128
